0.000000000000000000e+00 3.883566385158523815e+00
1.707172161513645647e-01 3.859606074119735553e+00
3.414344323027291295e-01 3.835645763080947290e+00
5.121516484540936665e-01 3.811685452042159028e+00
6.828688646054582589e-01 3.787725141003370766e+00
8.535860807568228514e-01 3.764495327252350254e+00
1.024303296908187333e+00 3.745526747679976509e+00
1.195020513059551925e+00 3.726558168107602764e+00
1.365737729210916518e+00 3.707589588535229019e+00
1.536454945362281110e+00 3.689069047299352810e+00
1.707172161513645703e+00 3.677687899555928119e+00
1.877889377665010295e+00 3.666306751812503428e+00
2.048606593816374666e+00 3.654925604069078293e+00
2.219323809967739258e+00 3.644008930851126760e+00
2.390041026119103851e+00 3.633339104841667222e+00
2.560758242270468443e+00 3.622669278832207240e+00
2.731475458421833036e+00 3.611243953395666395e+00
2.902192674573197628e+00 3.562467605923847813e+00
3.072909890724562221e+00 3.513691258452029675e+00
3.243627106875926813e+00 3.464914910980211538e+00
3.414344323027291406e+00 3.424025525983469542e+00
3.585061539178655998e+00 3.384629245333154124e+00
3.755778755330020591e+00 3.345232964682838706e+00
3.926495971481385183e+00 3.297498846857854105e+00
4.097213187632749332e+00 3.248722499386035967e+00
4.267930403784114368e+00 3.199946151914217385e+00
4.438647619935478517e+00 3.143022611162352042e+00
4.609364836086843553e+00 3.082769476050105872e+00
4.780082052238207702e+00 3.022516340937859702e+00
4.950799268389572738e+00 2.962263205825613532e+00
5.121516484540936887e+00 2.876412586341405397e+00
5.292233700692301923e+00 2.786032883673036142e+00
5.462950916843666072e+00 2.695653181004666443e+00
5.633668132995030220e+00 2.605273478336297188e+00
5.804385349146395257e+00 2.506526453174229285e+00
5.975102565297759405e+00 2.407690170139228591e+00
6.145819781449124442e+00 2.308853887104227454e+00
6.316536997600488590e+00 2.210017604069227204e+00
6.487254213751853626e+00 2.071521036100963720e+00
6.657971429903217775e+00 1.913935913499704045e+00
6.828688646054582811e+00 1.756350790898443481e+00
6.999405862205946960e+00 1.578981366753470006e+00
7.170123078357311996e+00 1.394037715922825438e+00
7.340840294508676145e+00 1.209094065092181536e+00
7.511557510660041181e+00 8.300552557424671907e-01
7.682274726811405330e+00 4.506836642949915150e-01
7.852991942962770366e+00 4.641327570985651074e-02
8.023709159114135403e+00 -3.784859504500181493e-01
8.194426375265498663e+00 -9.245563272544313760e-01
8.365143591416863700e+00 -1.387931628236707127e+00
8.535860807568228736e+00 -1.723965440331430621e+00
8.706578023719591997e+00 -1.879162909559942918e+00
8.877295239870957033e+00 -2.034360378788456103e+00
9.048012456022322070e+00 -2.109998281592093683e+00
9.218729672173687106e+00 -2.178285168052639165e+00
9.389446888325050367e+00 -2.246572054513184646e+00
9.560164104476415403e+00 -2.292499462562708867e+00
9.730881320627780440e+00 -2.316887636298617714e+00
9.901598536779145476e+00 -2.341275810034527005e+00
1.007231575293050874e+01 -2.353269612206550399e+00
1.024303296908187377e+01 -2.340137518656445259e+00
1.041375018523323881e+01 -2.327005425106340120e+00
1.058446740138460385e+01 -2.271860542438825625e+00
1.075518461753596711e+01 -2.147702567056016143e+00
1.092590183368733214e+01 -2.023544591673205773e+00
1.109661904983869718e+01 -1.686572833710299646e+00
1.126733626599006044e+01 -1.327849965597065474e+00
1.143805348214142548e+01 -9.864155332943340682e-01
1.160877069829279051e+01 -1.004343560063457819e+00
1.177948791444415555e+01 -1.049868151037154806e+00
1.195020513059551881e+01 -1.095392742010851572e+00
1.212092234674688385e+01 -1.182552431732707188e+00
1.229163956289824888e+01 -1.307745056910374792e+00
1.246235677904961392e+01 -1.432937682088042841e+00
1.263307399520097718e+01 -1.565424728515897312e+00
1.280379121135234222e+01 -1.753213666282399830e+00
1.297450842750370725e+01 -1.941002604048902125e+00
1.314522564365507229e+01 -2.178527584930358252e+00
1.331594285980643555e+01 -2.425119119371215604e+00
1.348666007595780059e+01 -2.679318647786902652e+00
1.365737729210916562e+01 -2.935394472013948430e+00
1.382809450826052888e+01 -3.146106414670607254e+00
1.399881172441189392e+01 -3.316823630821973179e+00
1.416952894056325896e+01 -3.476412938289674681e+00
1.434024615671462399e+01 -3.604450850403198459e+00
1.451096337286598725e+01 -3.732488762516720904e+00
1.468168058901735229e+01 -3.828507761011897159e+00
1.485239780516871733e+01 -3.896794647472443529e+00
1.502311502132008236e+01 -3.957421052375264203e+00
1.519383223747144562e+01 -3.996817333025578733e+00
1.536454945362281066e+01 -4.036213613675893264e+00
1.553526666977417570e+01 -4.066415544753108513e+00
1.570598388592554073e+01 -4.076457733938482875e+00
1.587670110207690399e+01 -4.086499923123857236e+00
1.604741831822827081e+01 -4.096542112309231598e+00
1.621813553437963407e+01 -4.098352531497767792e+00
1.638885275053099733e+01 -4.090223140252465583e+00
1.655956996668236414e+01 -4.082093749007162486e+00
1.673028718283372740e+01 -4.073964357761858501e+00
1.690100439898509066e+01 -4.065834966516555404e+00
1.707172161513645747e+01 -4.063270109372837169e+00
1.724243883128782073e+01 -4.063270109372837169e+00
1.741315604743918399e+01 -4.063270109372837169e+00
1.758387326359055081e+01 -4.063270109372837169e+00
1.775459047974191407e+01 -4.063270109372837169e+00
1.792530769589328088e+01 -4.008078890760535806e+00
1.809602491204464414e+01 -3.947825755648290080e+00
1.826674212819600740e+01 -3.887572620536044354e+00
1.843745934434737421e+01 -3.828035102211258422e+00
1.860817656049873747e+01 -3.780613653280324282e+00
1.877889377665010073e+01 -3.733192204349389698e+00
1.894961099280146755e+01 -3.685770755418454669e+00
1.912032820895283081e+01 -3.638349306487520529e+00
1.929104542510419407e+01 -3.697767713799436251e+00
1.946176264125556088e+01 -3.760663530276255884e+00
1.963247985740692414e+01 -3.823559346753074184e+00
1.980319707355829095e+01 -3.886455163229894261e+00
1.997391428970965421e+01 -3.988859491204386210e+00
2.014463150586101747e+01 -4.112155258424815329e+00
2.031534872201238429e+01 -4.235451025645247114e+00
2.048606593816374755e+01 -4.358746792865675346e+00
2.065678315431511081e+01 -4.454490975575647660e+00
2.082750037046647762e+01 -4.529179757641870196e+00
2.099821758661784088e+01 -4.603868539708090957e+00
2.116893480276920769e+01 -4.678557321774313493e+00
2.133965201892057095e+01 -4.758227182221502538e+00
2.151036923507193421e+01 -4.838250877292454177e+00
2.168108645122330103e+01 -4.918274572363406705e+00
2.185180366737466429e+01 -4.998298267434359232e+00
2.202252088352602755e+01 -5.078321962505309983e+00
2.219323809967739436e+01 -5.158345657576263399e+00
2.236395531582875762e+01 -5.238369352647215038e+00
2.253467253198012088e+01 -5.305198574740448869e+00
2.270538974813148769e+01 -5.365451709852695927e+00
2.287610696428285095e+01 -5.425704844964942097e+00
2.304682418043421777e+01 -5.485957980077189156e+00
2.321754139658558103e+01 -5.546211115189435326e+00
2.338825861273694429e+01 -5.606464250301680607e+00
2.355897582888831110e+01 -5.666717385413928554e+00
2.372969304503967436e+01 -5.726970520526174724e+00
2.390041026119103762e+01 -5.787902895343390419e+00
2.407112747734240443e+01 -5.848873329683165423e+00
2.424184469349376769e+01 -5.909843764022937762e+00
2.441256190964513451e+01 -5.970814198362711878e+00
2.458327912579649777e+01 -6.031784632702484217e+00
2.475399634194786103e+01 -6.092755067042256556e+00
2.492471355809922784e+01 -6.161531462306444773e+00
2.509543077425059110e+01 -6.235756338893994055e+00
2.526614799040195436e+01 -6.309981215481542449e+00
2.543686520655332117e+01 -6.384206092069094396e+00
2.560758242270468443e+01 -6.458430968656643678e+00
2.577829963885604769e+01 -6.512683707357756369e+00
2.594901685500741451e+01 -6.532381847682914078e+00
2.611973407115877777e+01 -6.552079988008070899e+00
2.629045128731014458e+01 -6.571778128333228608e+00
2.646116850346150784e+01 -6.591476268658386317e+00
2.663188571961287110e+01 -6.611174408983542250e+00
2.680260293576423791e+01 -6.625522972284469958e+00
2.697332015191560117e+01 -6.633652363529773055e+00
2.714403736806696443e+01 -6.641781754775075264e+00
2.731475458421833125e+01 -6.649911146020378361e+00
2.748547180036969451e+01 -6.658040537265681458e+00
2.765618901652105777e+01 -6.686442496471001640e+00
2.782690623267242458e+01 -6.723786887504113352e+00
2.799762344882378784e+01 -6.761131278537223288e+00
2.816834066497515465e+01 -6.798475669570335000e+00
2.833905788112651791e+01 -6.835820060603445825e+00
2.850977509727788117e+01 -6.873164451636556649e+00
2.868049231342924799e+01 -6.910508842669668361e+00
2.885120952958061125e+01 -6.956217934937503955e+00
2.902192674573197451e+01 -7.013123673654625634e+00
2.919264396188334132e+01 -7.070029412371747313e+00
2.936336117803470458e+01 -7.126935151088867215e+00
2.953407839418607139e+01 -7.183840889805989782e+00
2.970479561033743465e+01 -7.248248024004833923e+00
2.987551282648879791e+01 -7.316534910465380293e+00
3.004623004264016473e+01 -7.384821796925926662e+00
3.021694725879152799e+01 -7.453108683386471256e+00
3.038766447494289125e+01 -7.521395569847017626e+00
3.055838169109425806e+01 -7.589682456307563996e+00
3.072909890724562132e+01 -7.627346261249846826e+00
3.089981612339698458e+01 -7.664458699543621023e+00
3.107053333954835139e+01 -7.701571137837396108e+00
3.124125055569971465e+01 -7.738683576131171193e+00
3.141196777185108147e+01 -7.775796014424946279e+00
3.158268498800244473e+01 -7.801631268502339012e+00
3.175340220415380799e+01 -7.823898731478603708e+00
3.192411942030517480e+01 -7.846166194454869292e+00
3.209483663645654161e+01 -7.868433657431134876e+00
3.226555385260790132e+01 -7.890701120407399571e+00
3.243627106875926813e+01 -7.901010660390419993e+00
3.260698828491063495e+01 -7.901010660390419993e+00
3.277770550106199465e+01 -7.901010660390419993e+00
3.294842271721336147e+01 -7.901010660390419993e+00
3.311913993336472828e+01 -7.901010660390419993e+00
3.328985714951608799e+01 -7.901010660390419993e+00
3.346057436566745480e+01 -7.905632273231031348e+00
3.363129158181882161e+01 -7.917013420974456039e+00
3.380200879797018132e+01 -7.928394568717880730e+00
3.397272601412154813e+01 -7.939775716461304533e+00
